1.177238941192627
0.7213213443756104
0.8319833278656006
0.9705009460449219
1.0866062641143799
1.2047960758209229
1.4254820346832275
1.4955239295959473
1.8060660362243652
1.9168157577514648
1.9302682876586914
1.9716215133666992
2.1107332706451416
2.5754337310791016
2.7208456993103027
2.7495744228363037
3.004098892211914
2.9010698795318604
3.1756200790405273
3.475027084350586
3.4073753356933594
3.7066574096679688
3.9477388858795166
3.9701120853424072
3.857635498046875
4.26401162147522
4.244987964630127
4.465221881866455
4.762170076370239
4.954622983932495
5.4138970375061035
4.878206729888916
5.3197362422943115
5.7034265995025635
5.422294855117798
5.693084478378296
6.156907558441162
