0.0
14.285714285714285
9.75609756097561
9.836065573770492
14.814814814814813
14.85148514851485
15.702479338842975
16.312056737588655
22.36024844720497
30.386740331491712
34.32835820895522
38.009049773755656
41.078838174273855
45.21072796934866
46.97508896797153
49.501661129568106
51.09034267912772
53.3724340175953
54.57063711911358
55.38057742782152
56.60847880299252
57.482185273159146
58.730158730158735
59.869848156182215
60.70686070686071
61.477045908183634
62.18809980806142
61.92236598890942
62.38859180035651
62.65060240963856
63.56073211314476
63.28502415458937
63.65054602184087
63.69137670196672
64.17033773861968
64.90727532097004
65.18723994452151
65.85695006747639
